timestamp,open,high,low,close,volume
2025-05-07,1800.05,1825.0,1778.85,1781.35,43082
2025-05-06,1829.95,1829.95,1800.45,1818.75,25806
2025-05-05,1820.4,1842.75,1820.4,1835.15,24174
2025-05-02,1832.05,1850.95,1814.05,1828.75,107869
2025-04-30,1809.7,1838.8,1804.8,1830.2,34570
2025-04-29,1842.65,1846.05,1793.55,1804.8,56280
2025-04-28,1793.15,1845.0,1780.7,1841.8,34409
2025-04-25,1804.0,1815.45,1763.65,1786.85,65989
2025-04-24,1790.05,1807.5,1774.5,1804.5,49491
2025-04-23,1757.2,1792.0,1742.85,1788.9,19562
2025-04-22,1760.55,1760.55,1734.85,1747.25,24952
2025-04-21,1769.8,1769.8,1732.0,1744.1,26008
2025-04-17,1693.1,1757.0,1688.0,1751.05,21749
2025-04-16,1689.95,1699.05,1682.15,1692.65,23910
2025-04-15,1727.55,1727.55,1698.0,1705.15,27663
2025-04-11,1716.85,1735.8,1682.65,1687.55,57675
2025-04-09,1661.0,1679.55,1645.0,1652.1,58139
2025-04-08,1668.3,1709.95,1649.3,1688.75,83512
2025-04-07,1570.25,1685.05,1570.25,1668.35,157926
2025-04-04,1772.1,1781.7,1658.0,1709.4,145024
2025-04-03,1754.1,1812.4,1752.8,1770.1,114004
2025-04-02,1696.95,1718.3,1688.3,1714.25,26815
2025-04-01,1727.15,1732.9,1681.25,1696.95,194187
2025-03-28,1733.0,1740.6,1705.6,1735.45,106081
2025-03-27,1750.0,1750.0,1721.0,1731.2,64784
2025-03-26,1766.0,1770.6,1745.8,1757.7,140517
2025-03-25,1788.95,1795.7,1758.85,1766.0,63283
2025-03-24,1788.95,1818.35,1778.35,1785.3,19153
2025-03-21,1750.45,1790.0,1750.45,1783.9,30587
2025-03-20,1732.0,1757.0,1722.9,1750.1,23877
2025-03-19,1749.95,1749.95,1725.95,1733.45,134174
2025-03-18,1723.7,1750.05,1698.6,1748.6,120176
2025-03-17,1697.4,1720.0,1688.9,1706.05,185132
2025-03-13,1676.3,1687.75,1663.35,1683.85,95581
2025-03-12,1667.45,1680.7,1659.95,1676.35,134177
2025-03-11,1617.8,1663.8,1607.9,1655.65,87111
2025-03-10,1620.05,1643.2,1602.65,1611.15,31800
2025-03-07,1641.0,1641.0,1603.65,1609.9,23067
2025-03-06,1614.1,1616.6,1573.0,1614.1,18604
2025-03-05,1566.55,1586.3,1555.0,1581.95,27215
2025-03-04,1585.0,1588.9,1556.1,1567.2,31669
2025-03-03,1580.2,1607.3,1580.2,1585.15,37655
2025-02-28,1657.0,1667.0,1587.4,1593.9,57831
2025-02-27,1628.0,1652.75,1605.0,1647.6,52164
2025-02-25,1639.6,1650.4,1606.3,1613.65,100526
2025-02-24,1638.95,1669.65,1624.85,1639.6,19662
2025-02-21,1671.95,1681.25,1632.0,1643.05,26936
2025-02-20,1666.45,1676.8,1663.0,1669.7,16632
2025-02-19,1659.8,1699.2,1647.35,1678.0,31782
2025-02-18,1729.95,1730.0,1699.0,1701.55,44761
2025-02-17,1700.5,1734.7,1696.6,1713.4,35617
2025-02-14,1751.0,1751.7,1685.0,1704.65,26705
2025-02-13,1700.0,1753.0,1698.95,1746.5,32016
2025-02-12,1700.3,1713.1,1688.05,1693.65,27161
2025-02-11,1720.15,1734.4,1695.1,1699.75,111092
2025-02-10,1748.85,1749.0,1725.0,1732.55,22934
2025-02-07,1745.15,1753.5,1727.9,1749.5,18408
2025-02-06,1757.95,1768.5,1736.0,1742.5,24897
2025-02-05,1767.25,1771.95,1735.4,1753.4,24772
2025-02-04,1750.55,1775.7,1740.6,1767.05,41765
2025-02-03,1775.0,1787.65,1710.7,1739.95,45784
2025-02-01,1749.95,1789.5,1734.8,1742.7,46851
2025-01-31,1748.85,1770.35,1707.5,1743.1,66501
2025-01-30,1739.8,1758.9,1726.0,1745.25,30376
2025-01-29,1703.25,1745.0,1696.9,1736.7,27212
2025-01-28,1788.95,1788.95,1693.65,1705.9,110974
2025-01-27,1819.9,1822.15,1775.1,1785.75,10541
2025-01-24,1825.25,1843.0,1807.75,1821.9,19795
2025-01-23,1792.95,1839.55,1790.05,1834.05,24094
2025-01-22,1786.35,1802.75,1773.1,1798.0,14859
2025-01-21,1775.0,1805.0,1758.75,1761.8,258009
2025-01-20,1786.4,1798.85,1768.9,1775.9,18920
2025-01-17,1763.0,1791.85,1763.0,1786.15,18114
2025-01-16,1760.15,1774.1,1740.35,1763.5,28186
2025-01-15,1771.0,1776.45,1747.85,1756.85,8899
2025-01-14,1751.05,1783.2,1745.9,1768.75,69344
2025-01-13,1786.05,1786.05,1743.0,1746.05,40941
2025-01-10,1814.9,1834.0,1773.8,1786.05,14166
2025-01-09,1843.85,1843.85,1814.05,1826.1,21532
2025-01-08,1869.75,1869.75,1829.6,1837.3,18180
2025-01-07,1859.3,1865.4,1845.7,1854.15,27452
2025-01-06,1849.7,1856.45,1826.0,1846.95,19319
2025-01-03,1882.35,1885.0,1844.0,1849.1,61463
2025-01-02,1899.75,1899.75,1865.4,1878.0,53564
2025-01-01,1886.45,1902.6,1878.6,1889.8,51170
2024-12-31,1881.55,1910.0,1868.7,1884.5,71460
2024-12-30,1864.15,1895.0,1854.35,1882.2,97414
2024-12-27,1841.7,1865.65,1830.6,1861.7,118685
2024-12-26,1828.95,1845.95,1815.0,1841.5,60847
2024-12-24,1815.0,1831.25,1803.85,1817.6,50936
2024-12-23,1809.15,1828.1,1796.6,1814.5,13392
2024-12-20,1823.75,1825.0,1794.0,1808.5,47355
2024-12-19,1777.05,1829.2,1777.05,1823.35,111935
2024-12-18,1818.0,1822.7,1793.95,1800.3,119872
2024-12-17,1799.4,1815.0,1783.05,1789.5,16315
2024-12-16,1816.35,1820.65,1792.9,1810.3,21146
2024-12-13,1819.95,1819.95,1774.2,1813.75,36121
2024-12-12,1821.95,1821.95,1798.95,1804.45,13348
2024-12-11,1818.0,1826.65,1805.45,1814.7,101118
2024-12-10,1816.0,1821.85,1796.9,1809.45,49011
2024-12-09,1827.95,1827.95,1798.0,1806.2,16959
2024-12-06,1819.8,1824.9,1801.65,1804.8,26820
2024-12-05,1813.55,1825.0,1776.0,1809.65,19821
2024-12-04,1811.95,1812.0,1785.55,1800.05,19584
2024-12-03,1823.6,1830.0,1789.1,1798.6,24748
2024-12-02,1800.15,1814.35,1790.3,1808.2,45896
2024-11-29,1740.2,1795.55,1739.15,1781.65,177028
2024-11-28,1755.0,1760.0,1723.65,1735.15,37096
2024-11-27,1761.95,1777.35,1741.0,1749.5,28156
2024-11-26,1804.7,1805.9,1754.0,1759.95,32033
2024-11-25,1819.35,1826.1,1784.5,1804.65,27808
2024-11-22,1789.5,1815.65,1768.0,1797.8,130094
2024-11-21,1778.25,1791.3,1759.4,1777.65,94604
2024-11-19,1738.95,1805.35,1731.95,1775.2,43072
2024-11-18,1788.05,1792.2,1743.7,1747.2,33016
2024-11-14,1779.2,1795.9,1762.85,1768.6,107530
2024-11-13,1798.75,1798.75,1770.5,1779.3,30217
2024-11-12,1799.8,1824.55,1793.4,1799.85,95255
2024-11-11,1811.4,1817.2,1792.45,1794.9,28992
2024-11-08,1781.05,1814.8,1781.05,1811.35,40085
2024-11-07,1849.95,1849.95,1778.3,1791.5,28932
2024-11-06,1810.25,1840.35,1802.0,1827.25,26283
2024-11-05,1808.95,1832.4,1800.0,1803.25,34161
2024-11-04,1841.7,1841.7,1766.15,1808.8,189775
2024-10-31,1869.55,1872.2,1841.1,1849.05,166345
2024-10-30,1869.75,1880.3,1820.35,1852.45,38947
2024-10-29,1922.0,1923.95,1862.0,1870.9,46240
2024-10-28,1867.95,1916.0,1834.3,1902.65,71797
2024-10-25,1852.5,1875.0,1852.5,1860.25,101033
2024-10-24,1837.95,1859.0,1833.95,1849.05,15919
2024-10-23,1884.6,1888.0,1832.5,1838.1,32394
2024-10-22,1881.0,1905.5,1881.0,1886.65,15130
2024-10-21,1918.95,1919.8,1890.65,1896.45,10597
2024-10-18,1890.05,1917.35,1872.55,1909.8,57337
2024-10-17,1916.0,1922.3,1880.05,1890.05,13182
2024-10-16,1900.0,1914.85,1888.0,1897.95,11581
2024-10-15,1924.95,1924.95,1895.0,1897.5,6322
2024-10-14,1901.95,1915.0,1896.5,1909.55,15287
2024-10-11,1890.05,1909.0,1890.05,1901.95,69373
2024-10-10,1930.0,1936.1,1883.95,1887.4,81410
2024-10-09,1899.95,1946.15,1899.95,1931.2,13894
2024-10-08,1868.0,1921.4,1868.0,1916.85,13335
2024-10-07,1910.5,1915.8,1887.65,1904.8,56175
2024-10-04,1910.0,1953.0,1903.15,1910.5,177312
2024-10-03,1916.95,1935.8,1898.0,1913.6,23701
2024-10-01,1927.0,1934.5,1902.95,1919.4,23738
2024-09-30,1951.95,1960.2,1921.35,1926.3,62903
2024-09-27,1915.2,1959.35,1915.2,1948.9,120213
2024-09-26,1876.9,1904.0,1866.35,1898.4,39061
2024-09-25,1868.5,1875.0,1858.45,1870.8,14138
2024-09-24,1856.0,1879.8,1856.0,1868.15,17253
2024-09-23,1865.75,1874.95,1857.8,1862.45,17464
2024-09-20,1855.65,1871.0,1841.2,1865.5,312564
2024-09-19,1849.95,1855.7,1835.35,1846.45,13656
2024-09-18,1873.8,1873.8,1830.2,1832.65,11216
2024-09-17,1864.0,1869.35,1858.85,1865.9,28437
2024-09-16,1860.05,1872.85,1850.8,1862.95,15408
2024-09-13,1858.7,1864.9,1850.65,1853.95,115634
2024-09-12,1850.3,1870.9,1840.8,1864.95,33957
2024-09-11,1836.85,1857.95,1832.75,1846.45,26467
2024-09-10,1838.55,1842.4,1825.0,1836.85,21301
2024-09-09,1820.05,1832.0,1813.35,1821.95,11207
2024-09-06,1829.9,1831.75,1815.85,1823.35,189431
2024-09-05,1834.0,1843.85,1820.0,1824.7,41116
2024-09-04,1802.05,1835.0,1801.65,1832.7,20623
2024-09-03,1820.0,1839.6,1804.35,1811.15,29080
2024-09-02,1830.0,1836.05,1805.8,1816.75,14119
2024-08-30,1799.95,1827.5,1790.8,1820.75,130007
2024-08-29,1813.85,1827.4,1790.25,1798.45,38215
2024-08-28,1798.85,1825.0,1788.85,1813.95,16880
2024-08-27,1782.8,1792.0,1768.4,1789.0,11180
2024-08-26,1784.95,1784.95,1764.15,1772.2,21030
2024-08-23,1757.95,1781.85,1752.7,1776.15,197094
2024-08-22,1770.0,1770.0,1749.0,1750.6,10453
2024-08-21,1774.85,1774.85,1757.3,1763.75,15866
2024-08-20,1750.5,1771.45,1747.75,1765.45,29260
2024-08-19,1753.0,1753.0,1740.75,1747.5,8885
2024-08-16,1756.35,1756.35,1729.0,1742.55,111079
2024-08-14,1751.25,1752.45,1733.5,1741.5,9266
2024-08-13,1736.0,1751.65,1730.0,1739.75,42107
2024-08-12,1734.75,1748.2,1727.4,1732.7,35042
2024-08-09,1754.45,1754.45,1732.25,1735.25,101698
2024-08-08,1736.0,1748.7,1729.0,1736.1,43303
2024-08-07,1728.95,1737.5,1712.3,1734.8,21648
2024-08-06,1720.6,1733.8,1704.1,1707.0,29914
2024-08-05,1702.0,1758.5,1702.0,1720.0,163686
2024-08-02,1702.0,1741.7,1684.25,1732.25,328215
2024-08-01,1727.3,1746.0,1681.95,1715.95,135580
2024-07-31,1709.5,1730.5,1695.35,1717.85,42754
2024-07-30,1720.95,1724.15,1696.5,1701.65,27523
2024-07-29,1719.95,1728.0,1693.45,1724.15,45630
2024-07-26,1675.0,1722.95,1665.2,1713.6,330597
2024-07-25,1617.45,1681.0,1603.3,1665.2,100573
2024-07-24,1603.0,1624.95,1592.25,1619.75,56748
2024-07-23,1585.05,1605.0,1575.0,1602.4,72363
2024-07-22,1566.6,1590.0,1558.1,1587.9,15345
2024-07-19,1582.4,1589.2,1565.1,1568.45,167769
2024-07-18,1578.95,1596.85,1570.3,1593.65,36216
2024-07-16,1594.85,1594.85,1575.1,1579.25,15193
2024-07-15,1578.3,1594.45,1578.25,1585.65,40129
2024-07-12,1587.95,1588.25,1550.0,1578.25,226734
2024-07-11,1609.2,1609.2,1573.15,1583.25,76987
2024-07-10,1589.0,1600.8,1567.6,1597.5,69795
2024-07-09,1564.95,1590.0,1549.7,1586.3,31797
2024-07-08,1570.0,1574.8,1550.75,1555.65,52680
2024-07-05,1560.55,1574.25,1556.45,1568.85,309222
2024-07-04,1539.95,1570.7,1526.95,1557.95,48263
2024-07-03,1522.45,1536.0,1500.0,1532.55,53215
2024-07-02,1517.8,1534.45,1509.0,1524.1,33204
2024-07-01,1524.95,1524.95,1504.15,1517.9,219319
2024-06-28,1515.45,1538.7,1515.0,1522.4,271952
2024-06-27,1525.55,1527.75,1505.35,1515.25,59143
2024-06-26,1504.85,1528.55,1495.05,1521.65,31229
2024-06-25,1499.95,1507.75,1492.55,1505.0,37223
2024-06-24,1471.05,1502.25,1471.05,1494.75,50754
2024-06-21,1482.95,1487.5,1461.4,1466.45,418794
2024-06-20,1489.95,1489.95,1467.15,1470.45,168755
2024-06-19,1524.0,1530.0,1500.25,1504.15,39453
2024-06-18,1515.85,1523.65,1510.5,1520.65,20102
2024-06-14,1510.35,1518.3,1503.9,1515.8,49020
2024-06-13,1514.9,1514.9,1498.2,1509.9,12478
2024-06-12,1499.5,1514.35,1497.5,1505.85,13314
2024-06-11,1521.15,1525.0,1497.55,1499.5,20747
2024-06-10,1510.2,1521.75,1505.2,1512.45,66005
2024-06-07,1482.55,1511.0,1471.85,1507.0,396869
2024-06-06,1499.95,1499.95,1455.4,1472.95,77565
2024-06-05,1440.2,1489.7,1434.0,1487.45,85101
2024-06-04,1450.4,1476.05,1376.75,1433.7,138338
2024-06-03,1490.05,1495.55,1451.15,1453.25,62519
2024-05-31,1460.5,1479.65,1440.2,1460.15,307652
2024-05-30,1478.95,1478.95,1449.65,1459.55,25662
2024-05-29,1466.05,1494.85,1466.0,1478.35,30868
2024-05-28,1467.05,1479.2,1456.0,1464.85,52363
2024-05-27,1487.0,1500.3,1460.4,1466.7,34613
2024-05-24,1509.75,1509.75,1477.6,1486.55,160714
2024-05-23,1514.35,1514.35,1467.0,1494.95,244500
2024-05-22,1549.6,1563.75,1505.5,1540.3,193379
2024-05-21,1535.15,1558.5,1523.65,1541.15,38722
2024-05-17,1526.35,1537.45,1520.0,1531.55,102361
2024-05-16,1534.9,1540.0,1509.5,1536.25,15551
2024-05-15,1543.65,1550.0,1520.9,1526.9,23082
2024-05-14,1529.4,1547.9,1519.0,1545.25,98597
2024-05-13,1507.25,1530.0,1502.9,1525.85,85136
2024-05-10,1499.95,1526.25,1490.0,1506.25,96390
2024-05-09,1540.15,1540.15,1489.9,1493.35,46166
2024-05-08,1510.0,1527.9,1502.85,1521.55,10773
2024-05-07,1536.25,1542.8,1510.6,1515.15,38151
2024-05-06,1521.0,1534.15,1509.0,1529.7,18815
2024-05-03,1521.4,1537.1,1501.85,1508.4,65933
2024-05-02,1504.6,1529.95,1503.0,1518.4,51114
2024-04-30,1531.15,1531.15,1496.75,1502.3,49280
2024-04-29,1507.7,1527.0,1507.7,1521.95,32020
2024-04-26,1529.9,1530.05,1499.65,1504.25,139357
2024-04-25,1488.45,1526.55,1488.45,1520.55,100135
2024-04-24,1483.7,1503.0,1479.5,1486.35,38120
2024-04-23,1560.05,1560.7,1477.65,1483.75,71852
2024-04-22,1525.4,1547.7,1522.55,1539.6,67576
2024-04-19,1505.0,1528.9,1502.15,1522.55,145686
2024-04-18,1549.75,1549.75,1506.8,1517.15,27285
2024-04-16,1538.65,1543.25,1525.95,1536.95,94406
2024-04-15,1534.95,1544.2,1503.15,1541.15,115455
2024-04-12,1599.8,1599.8,1533.35,1539.65,202141
2024-04-10,1609.2,1609.2,1583.75,1604.0,97627
2024-04-09,1604.4,1609.0,1592.05,1602.8,14982
2024-04-08,1610.0,1618.05,1596.95,1599.6,29219
2024-04-05,1619.65,1638.7,1605.45,1609.15,108746
2024-04-04,1623.95,1627.5,1587.55,1620.0,40478
2024-04-03,1613.6,1628.5,1594.1,1622.4,87541
2024-04-02,1628.65,1631.65,1610.0,1622.05,60531
2024-04-01,1631.5,1633.45,1618.95,1630.8,153793
2024-03-28,1605.4,1634.05,1605.4,1620.5,300264
2024-03-27,1598.0,1625.55,1592.2,1608.1,1524580
2024-03-26,1611.7,1613.25,1593.5,1597.0,99161
2024-03-22,1564.65,1621.15,1564.65,1608.0,227601
2024-03-21,1565.2,1570.0,1542.45,1564.6,55705
2024-03-20,1555.75,1558.45,1520.3,1552.2,156083
2024-03-19,1577.55,1580.05,1540.85,1551.15,128933
2024-03-18,1549.9,1575.3,1543.95,1571.45,25503
2024-03-15,1569.75,1571.9,1541.25,1547.6,143624
2024-03-14,1558.05,1573.8,1546.5,1569.75,22064
2024-03-13,1576.15,1589.0,1544.0,1557.9,47485
2024-03-12,1593.95,1603.75,1581.15,1584.4,13157
2024-03-11,1608.45,1627.0,1587.0,1592.4,207166
2024-03-07,1614.95,1619.85,1600.8,1606.65,180840
2024-03-06,1574.15,1607.0,1566.95,1603.9,30503
2024-03-05,1552.85,1576.15,1534.85,1574.15,36584
2024-03-04,1559.55,1569.0,1549.2,1552.25,19925
2024-03-01,1585.95,1585.95,1547.45,1558.7,142495
2024-02-29,1570.55,1586.0,1557.45,1576.2,14020
2024-02-28,1583.05,1587.85,1563.5,1573.25,7854
2024-02-27,1553.7,1585.0,1549.05,1582.2,690857
2024-02-26,1561.15,1566.7,1549.2,1556.95,9632
2024-02-23,1563.45,1568.25,1550.05,1561.15,72559
2024-02-22,1550.0,1561.0,1535.25,1557.75,38099
2024-02-21,1540.0,1549.1,1533.0,1543.4,31262
2024-02-20,1530.2,1541.15,1513.0,1538.7,128005
2024-02-19,1510.45,1532.65,1507.55,1529.85,33160
2024-02-16,1511.45,1521.15,1504.9,1510.45,140144
2024-02-15,1528.55,1528.55,1505.45,1510.0,26726
2024-02-14,1549.55,1549.55,1508.55,1522.1,19240
2024-02-13,1535.4,1551.2,1528.6,1542.0,55513
2024-02-12,1540.0,1554.85,1525.0,1534.55,97520
2024-02-09,1502.8,1539.0,1492.8,1534.85,251023
2024-02-08,1511.95,1511.95,1487.0,1500.25,22366
2024-02-07,1478.1,1500.0,1478.1,1496.15,23019
2024-02-06,1463.5,1478.0,1450.0,1474.8,40821
2024-02-05,1429.3,1466.45,1425.0,1463.9,66918
2024-02-02,1409.0,1433.05,1406.1,1417.2,441515
2024-02-01,1438.8,1438.8,1399.65,1406.55,42768
2024-01-31,1390.35,1438.5,1367.75,1418.5,101346
2024-01-30,1401.0,1409.0,1369.6,1371.6,21544
2024-01-29,1369.7,1421.0,1360.35,1399.25,46515
2024-01-25,1382.15,1389.1,1348.3,1374.85,3397253
2024-01-24,1389.85,1390.0,1360.35,1382.25,80311
2024-01-23,1319.9,1395.0,1319.6,1379.5,157501
2024-01-19,1341.65,1344.3,1329.3,1335.25,136451
2024-01-18,1299.25,1343.6,1290.7,1335.65,123774
2024-01-17,1312.0,1319.0,1294.0,1299.25,41513
2024-01-16,1339.95,1339.95,1307.85,1313.55,11956
2024-01-15,1326.1,1339.75,1321.55,1328.65,24611
2024-01-12,1321.85,1329.5,1306.0,1324.85,205307
2024-01-11,1329.75,1332.15,1310.35,1316.7,22273
2024-01-10,1331.35,1333.25,1313.55,1324.25,23397
2024-01-09,1306.0,1332.95,1306.0,1322.5,29713
2024-01-08,1308.35,1309.75,1299.95,1305.05,17979
2024-01-05,1319.35,1319.35,1287.75,1299.85,167904
2024-01-04,1305.35,1328.25,1298.0,1312.65,89440
2024-01-03,1297.85,1304.1,1291.2,1298.1,47651
2024-01-02,1264.85,1298.95,1258.1,1296.4,84627
2024-01-01,1261.45,1263.95,1252.75,1259.9,45812
2023-12-29,1264.05,1272.0,1252.65,1260.0,73481
2023-12-28,1253.15,1264.0,1249.8,1262.0,27953
2023-12-27,1250.0,1255.45,1241.35,1251.75,18826
2023-12-26,1243.75,1249.75,1240.0,1246.35,46508
2023-12-22,1238.8,1251.0,1236.95,1243.75,94950
2023-12-21,1225.4,1236.75,1209.0,1232.4,39274
2023-12-20,1247.95,1254.1,1228.85,1231.65,50759
2023-12-19,1267.95,1267.95,1236.95,1245.5,41243
2023-12-18,1238.8,1267.9,1235.0,1251.55,83390
2023-12-15,1231.6,1246.55,1231.6,1236.4,124814
2023-12-14,1237.7,1240.1,1224.5,1231.5,18558
2023-12-13,1226.2,1239.0,1212.5,1232.75,19439
2023-12-12,1252.65,1252.65,1212.35,1217.7,36533
2023-12-11,1237.5,1246.15,1217.7,1241.3,16615
2023-12-08,1237.3,1246.95,1230.15,1235.5,242435
2023-12-07,1234.75,1241.75,1229.1,1239.75,16256
2023-12-06,1249.95,1257.4,1233.05,1239.95,58307
2023-12-05,1231.4,1242.0,1221.1,1240.1,77170
2023-12-04,1232.05,1239.65,1220.7,1231.45,29908
2023-12-01,1238.95,1241.5,1224.5,1231.25,326872
2023-11-30,1198.95,1231.55,1198.4,1227.15,38179
2023-11-29,1189.1,1208.0,1185.25,1200.85,23724
2023-11-28,1195.05,1200.2,1189.25,1191.4,19661
2023-11-24,1200.0,1209.75,1192.4,1196.4,173210
2023-11-23,1204.25,1209.9,1195.45,1198.7,65189
2023-11-22,1206.85,1214.9,1199.1,1204.3,50215
2023-11-21,1180.1,1205.0,1180.1,1201.75,21736
2023-11-20,1199.95,1199.95,1185.65,1187.7,17080
2023-11-17,1190.0,1198.9,1188.55,1194.55,108258
2023-11-16,1175.05,1194.7,1175.05,1189.75,41947
2023-11-15,1176.05,1184.35,1171.35,1180.8,138412
2023-11-13,1175.3,1187.1,1173.85,1177.25,29020
2023-11-10,1175.95,1181.25,1170.1,1179.3,178650
2023-11-09,1176.3,1183.6,1167.05,1176.7,38053
2023-11-08,1177.75,1182.95,1172.0,1176.1,130846
2023-11-07,1150.0,1175.0,1148.3,1171.65,63164
2023-11-06,1149.95,1151.0,1141.0,1149.55,13054
2023-11-03,1139.95,1146.1,1134.7,1140.75,261701
2023-11-02,1130.8,1137.45,1110.85,1131.9,41092
2023-11-01,1091.65,1120.3,1082.8,1116.15,208546
2023-10-31,1115.05,1118.0,1069.0,1088.7,82399
2023-10-30,1113.0,1118.7,1104.0,1115.3,19928
2023-10-27,1113.45,1119.3,1108.45,1111.35,42354
2023-10-26,1107.7,1117.5,1097.55,1103.45,45406
2023-10-25,1126.15,1128.7,1112.7,1120.45,23977
2023-10-23,1142.3,1146.05,1118.6,1122.2,34795
2023-10-20,1141.65,1145.25,1133.3,1142.35,252179
2023-10-19,1149.75,1149.85,1135.0,1140.3,14521
2023-10-18,1137.3,1161.75,1134.0,1152.55,44013
2023-10-17,1139.95,1143.55,1133.85,1135.9,10416
2023-10-16,1144.7,1147.25,1134.0,1134.9,28229
2023-10-13,1129.75,1147.45,1121.75,1145.6,187482
2023-10-12,1137.95,1137.95,1122.0,1130.55,10953
2023-10-11,1126.45,1134.1,1122.8,1128.6,27400
2023-10-10,1110.05,1130.0,1110.05,1126.2,24998
2023-10-09,1104.8,1133.5,1104.8,1123.2,214746
2023-10-06,1126.05,1130.8,1123.3,1126.9,94425
2023-10-05,1127.65,1128.0,1112.0,1119.9,17472
2023-10-04,1139.95,1139.95,1113.05,1121.75,82073
2023-10-03,1160.95,1160.95,1139.2,1141.95,114030
2023-09-29,1148.0,1167.0,1135.5,1159.1,106658
2023-09-28,1149.85,1152.0,1129.45,1132.15,34841
2023-09-27,1125.85,1146.15,1124.5,1140.1,29082
2023-09-26,1127.65,1130.0,1118.4,1124.75,103763
2023-09-25,1127.6,1135.0,1122.0,1124.05,127437
2023-09-22,1140.05,1145.45,1128.75,1131.6,36494
2023-09-21,1150.4,1157.1,1141.4,1146.0,24879
2023-09-20,1147.6,1156.0,1142.95,1152.8,75724
2023-09-18,1149.8,1157.0,1142.15,1147.6,35550
2023-09-15,1146.2,1153.55,1145.0,1149.8,98115
2023-09-14,1148.25,1151.0,1138.3,1143.7,83052
2023-09-13,1151.45,1156.95,1142.75,1148.0,188150
2023-09-12,1144.95,1154.0,1137.1,1145.15,207256
2023-09-11,1127.15,1139.35,1125.55,1137.1,36836
2023-09-08,1133.15,1138.0,1128.3,1130.65,169347
2023-09-07,1136.05,1140.55,1128.75,1133.15,27168
2023-09-06,1135.0,1149.2,1129.0,1142.25,86558
2023-09-05,1110.05,1136.25,1108.9,1132.2,36964
2023-09-04,1110.05,1112.7,1102.0,1108.65,24436
2023-09-01,1112.25,1117.45,1105.4,1108.5,358264
2023-08-31,1111.05,1116.8,1101.55,1112.25,45762
2023-08-30,1124.95,1124.95,1110.4,1113.65,53377
2023-08-29,1123.55,1125.0,1106.45,1111.25,26902
2023-08-28,1111.85,1123.85,1105.85,1116.85,216096
2023-08-25,1117.1,1120.65,1101.45,1107.65,562337
2023-08-24,1129.75,1132.9,1113.15,1117.1,44043
2023-08-23,1130.0,1130.0,1111.6,1122.85,46208
2023-08-22,1139.9,1145.75,1129.9,1136.75,64047
2023-08-21,1133.95,1144.25,1128.1,1136.95,27348
2023-08-18,1142.0,1149.5,1129.35,1134.1,148418
2023-08-17,1146.95,1149.25,1138.8,1145.5,23596
2023-08-16,1131.0,1145.3,1122.0,1143.6,44013
2023-08-14,1125.0,1142.2,1120.5,1134.75,45861
2023-08-11,1135.55,1146.1,1130.4,1132.25,41910
2023-08-10,1152.2,1156.75,1143.8,1150.55,35131
2023-08-09,1157.95,1158.6,1140.9,1152.25,43102
2023-08-08,1161.9,1164.25,1139.95,1148.4,43489
2023-08-07,1138.95,1166.5,1133.7,1159.9,72105
2023-08-04,1134.9,1144.95,1121.55,1138.8,62968
2023-08-03,1136.2,1169.9,1123.2,1140.85,350345
2023-08-02,1142.0,1144.3,1126.25,1136.25,42340
2023-08-01,1143.0,1152.75,1136.0,1143.65,31870
2023-07-31,1138.05,1145.0,1126.75,1143.0,36458
2023-07-28,1134.95,1143.9,1122.75,1137.75,55738
2023-07-27,1121.05,1155.0,1115.8,1135.1,135964
2023-07-26,1094.4,1114.0,1094.2,1111.8,26942
2023-07-25,1101.5,1112.0,1091.7,1094.35,26940
2023-07-24,1085.2,1107.0,1085.2,1099.95,30693
2023-07-21,1107.95,1107.95,1091.25,1097.85,34277
2023-07-20,1086.7,1104.4,1081.95,1096.8,98019
2023-07-19,1065.25,1085.5,1063.8,1081.75,61972
2023-07-18,1077.6,1077.6,1064.05,1065.95,45807
2023-07-17,1068.05,1081.0,1068.05,1077.6,16956
2023-07-14,1077.05,1079.35,1064.85,1072.4,33392
2023-07-13,1077.75,1080.7,1071.7,1075.6,25681
2023-07-12,1076.85,1083.5,1070.0,1077.7,214937
2023-07-11,1050.05,1074.5,1048.25,1072.0,122722
2023-07-10,1035.5,1050.9,1032.1,1046.05,27294
2023-07-07,1039.95,1051.0,1028.35,1035.5,61772
2023-07-06,1039.35,1056.0,1039.15,1041.8,137246
2023-07-05,1056.0,1057.35,1042.6,1044.6,36301
2023-07-04,1033.05,1054.45,1029.8,1048.75,168721
2023-07-03,1050.05,1053.0,1030.0,1032.15,48880
2023-06-30,995.05,1056.0,995.05,1051.4,1169702
2023-06-28,1000.95,1025.2,995.3,1022.4,64379
2023-06-27,1000.0,1003.0,986.4,1001.7,63878
2023-06-26,992.15,1003.95,991.6,994.2,50899
2023-06-23,998.95,998.95,977.5,991.85,62840
2023-06-22,991.75,996.2,986.1,990.1,798354
2023-06-21,994.95,994.95,983.8,991.75,284087
2023-06-20,1009.85,1009.85,989.55,991.65,27651
2023-06-19,996.55,1006.6,993.55,1001.25,65136
2023-06-16,995.95,995.95,987.1,992.2,25832
2023-06-15,986.55,995.0,986.0,988.15,34934
2023-06-14,989.95,994.95,984.5,986.5,26045
2023-06-13,991.95,995.6,985.9,988.25,42940
2023-06-12,983.2,988.25,980.9,985.25,10559
2023-06-09,989.85,990.4,981.35,983.15,67081
2023-06-08,1018.7,1018.7,983.45,987.1,42964
2023-06-07,1014.0,1017.6,1009.35,1014.25,32965
2023-06-06,1014.95,1015.7,1003.6,1013.55,51654
2023-06-05,1005.1,1017.55,998.65,1009.7,93196
2023-06-02,987.95,1003.85,981.35,999.35,41742
2023-06-01,980.0,989.8,975.2,987.5,113479
2023-05-31,966.45,979.25,961.6,976.55,116964
2023-05-30,967.0,967.0,956.35,959.2,71718
2023-05-29,971.85,973.0,946.8,968.1,209374
2023-05-26,947.45,976.65,937.2,970.65,159350
2023-05-25,945.05,951.9,942.7,944.7,40921
2023-05-24,930.8,954.8,930.8,952.25,74580
2023-05-23,941.8,942.55,929.05,930.75,26148
2023-05-22,922.55,942.5,922.55,936.8,49446
2023-05-19,929.45,934.05,924.6,926.05,19907
2023-05-18,937.05,941.0,922.6,929.4,49868
2023-05-17,940.0,945.25,929.0,936.05,51921
2023-05-16,954.0,962.6,938.0,942.2,47425
2023-05-15,955.5,955.85,948.05,952.9,30205
2023-05-12,960.0,963.0,953.1,955.55,30776
2023-05-11,955.95,963.85,952.65,961.25,49958
2023-05-10,957.75,959.95,951.6,953.8,28889
2023-05-09,964.65,965.0,949.55,957.75,61540
2023-05-08,965.0,968.9,961.2,961.8,38994
2023-05-05,973.45,977.15,968.25,970.45,18596
2023-05-04,964.05,976.0,964.05,973.45,21955
2023-05-03,972.45,973.3,960.0,963.45,40850
2023-05-02,987.65,988.6,970.55,972.45,47650
2023-04-28,981.0,992.5,979.25,986.8,26056
2023-04-27,972.95,981.6,963.8,978.45,47704
2023-04-26,975.0,975.7,963.75,971.35,32382
2023-04-25,979.25,982.45,966.95,972.65,31317
2023-04-24,976.95,981.55,960.0,979.25,52471
2023-04-21,989.55,993.0,985.4,989.15,80893
2023-04-20,1001.95,1002.1,983.7,987.65,22040
2023-04-19,996.5,1009.4,993.2,995.4,31289
2023-04-18,1000.0,1006.15,988.5,1004.95,29334
2023-04-17,1000.05,1009.55,994.95,997.9,161049
2023-04-13,1024.5,1024.5,1002.0,1003.8,52662
2023-04-12,1009.05,1020.0,1005.4,1016.5,26140
2023-04-11,1009.25,1022.2,1007.6,1008.95,78784
2023-04-10,1012.1,1016.8,1006.5,1008.6,75752
2023-04-06,993.0,1013.95,993.0,1011.75,33395
2023-04-05,982.0,999.0,975.75,996.75,24016
2023-04-03,982.0,987.95,976.3,977.9,35505
2023-03-31,992.05,994.5,981.3,983.1,24667
2023-03-29,978.0,996.65,978.0,990.7,57947
2023-03-28,984.05,987.5,976.3,984.2,26652
2023-03-27,980.05,991.0,963.95,983.95,79013
2023-03-24,977.95,978.5,968.3,972.8,16196
2023-03-23,975.0,982.85,972.4,977.3,22158
2023-03-22,958.5,974.45,955.9,971.95,30235
2023-03-21,962.0,963.8,953.5,956.2,19309
2023-03-20,950.0,962.5,947.25,961.25,29386
2023-03-17,960.05,968.0,953.1,957.75,19341
2023-03-16,950.05,969.95,950.05,967.3,38891
2023-03-15,947.3,964.8,947.3,951.5,24667
2023-03-14,955.0,963.3,950.8,957.6,130842
2023-03-13,955.0,960.0,947.65,954.2,36188
2023-03-10,942.05,957.9,942.05,955.7,17244
2023-03-09,957.2,959.7,947.2,952.15,36296
2023-03-08,958.05,964.15,947.2,957.2,49732
2023-03-06,966.7,979.35,964.0,965.5,34652
2023-03-03,965.25,969.65,958.4,966.75,20445
2023-03-02,959.5,966.6,951.35,965.2,17857
2023-03-01,955.95,966.0,953.0,958.9,28320
2023-02-28,965.1,975.65,954.15,957.0,33983
2023-02-27,965.4,972.5,960.1,965.05,46953
2023-02-24,970.0,983.5,964.0,970.55,42090
2023-02-23,977.95,977.95,964.0,972.3,17318
2023-02-22,969.05,978.3,965.95,968.35,47741
2023-02-21,985.0,990.7,969.3,971.4,38247
2023-02-20,990.0,992.15,974.75,985.15,96679
2023-02-17,995.0,996.3,982.15,983.55,329411
2023-02-16,1004.95,1009.9,991.2,996.15,81094
2023-02-15,1004.9,1005.95,991.0,995.2,33402
2023-02-14,1010.05,1017.85,1003.2,1005.95,17598
2023-02-13,1002.25,1017.2,1002.1,1014.9,33720
2023-02-10,1003.0,1014.0,997.0,1006.6,54737
2023-02-09,1013.0,1020.6,1002.0,1006.8,61468
2023-02-08,1008.05,1016.8,997.25,1013.4,75134
2023-02-07,1020.05,1028.7,1002.0,1005.65,44745
2023-02-06,1020.25,1026.0,1012.75,1023.5,44107
2023-02-03,1002.05,1032.0,1002.05,1027.65,215954
2023-02-02,1012.05,1014.9,993.35,1008.0,85931
2023-02-01,1032.15,1042.3,1005.3,1014.15,155897
2023-01-31,1057.95,1061.5,1026.5,1035.0,101607
2023-01-30,1035.0,1071.9,1035.0,1050.9,113989
2023-01-27,1040.1,1050.1,1034.15,1043.6,47234
2023-01-25,1028.2,1045.0,1028.05,1039.95,34221
2023-01-24,1050.0,1050.0,1034.3,1041.0,54927
2023-01-23,1030.8,1054.75,1028.05,1049.5,96977
2023-01-20,1041.15,1046.3,1017.0,1030.1,96752
2023-01-19,1038.3,1044.25,1036.95,1040.5,76845
2023-01-18,1033.05,1041.05,1030.5,1039.55,30537
2023-01-17,1038.0,1038.0,1027.05,1032.4,32942
2023-01-16,1037.0,1039.25,1026.5,1035.5,24549
2023-01-13,1035.0,1035.0,1020.05,1030.55,67455
2023-01-12,1025.05,1035.35,1021.3,1033.15,37737
2023-01-11,1011.1,1032.85,1008.05,1028.25,72990
2023-01-10,1010.05,1023.95,1010.05,1011.6,14758
2023-01-09,1019.95,1023.45,1008.0,1014.35,44985
2023-01-06,1008.05,1021.95,1004.0,1008.3,28821
2023-01-05,1004.25,1021.5,1004.25,1015.9,65430
2023-01-04,1006.65,1025.55,1000.55,1004.1,190922
2023-01-03,990.0,1012.55,988.15,1009.15,55013
2023-01-02,995.1,1000.8,987.0,997.1,47737
2022-12-30,1000.05,1006.2,994.15,1000.7,33728
2022-12-29,994.5,1004.95,989.15,1000.05,117142
2022-12-28,993.25,1010.5,993.05,995.05,77782
2022-12-27,999.0,1015.45,993.5,1000.3,24052
2022-12-26,1005.0,1012.25,988.6,998.75,195524
2022-12-23,1010.8,1027.65,998.2,1002.55,171544
2022-12-22,1019.5,1034.45,1007.95,1010.8,178541
2022-12-21,989.05,1009.4,989.0,1005.55,122632
2022-12-20,985.05,990.95,979.5,989.0,20882
2022-12-19,982.05,992.6,973.8,987.9,28604
2022-12-16,995.0,1005.1,987.8,993.25,18545
2022-12-15,1000.6,1007.25,998.65,1001.55,12611
2022-12-14,994.1,1002.5,994.1,999.95,55946
2022-12-13,985.0,996.6,981.0,994.6,55954
2022-12-12,993.05,994.0,980.5,987.05,29001
2022-12-09,980.8,996.45,980.75,992.75,93571
2022-12-08,1015.0,1017.25,975.05,980.95,379120
2022-12-07,1033.25,1036.05,1015.95,1017.25,118747
2022-12-06,1037.0,1038.8,1023.35,1033.25,11695
2022-12-05,1036.05,1045.5,1031.0,1037.5,50865
2022-12-02,1042.0,1048.35,1034.55,1039.75,22389
2022-12-01,1050.15,1057.55,1040.2,1046.15,22681
2022-11-30,1052.0,1058.35,1039.3,1044.35,142090
2022-11-29,1030.65,1050.9,1030.65,1049.55,22757
2022-11-28,1033.0,1041.0,1029.2,1034.05,18395
2022-11-25,1032.1,1036.15,1027.0,1033.3,127231
2022-11-24,1018.05,1037.25,1013.8,1033.85,57262
2022-11-23,1015.0,1018.85,1009.5,1017.75,97267
2022-11-22,1000.05,1011.4,996.5,1010.35,56044
2022-11-21,1008.4,1012.1,993.55,1003.0,125484
2022-11-18,1015.0,1015.35,1005.9,1008.4,29798
2022-11-17,1018.7,1030.0,1010.5,1012.45,151177
2022-11-16,1006.0,1023.05,1006.0,1021.1,242552
2022-11-15,1020.6,1020.6,1004.8,1013.0,239907
2022-11-14,1013.5,1020.9,1002.55,1016.35,344949
2022-11-11,1015.0,1031.15,1010.2,1013.45,57537
2022-11-10,1005.05,1022.0,1005.05,1010.9,34362
2022-11-09,1025.8,1036.4,1010.0,1012.75,109655
2022-11-07,1039.1,1049.15,1021.05,1027.8,331070
2022-11-04,1044.0,1045.05,1031.5,1039.5,82474
2022-11-03,1048.0,1055.5,1039.8,1044.0,49404
2022-11-02,1038.5,1070.8,1032.9,1051.75,459815
2022-11-01,1017.5,1048.25,1017.5,1033.1,225375
2022-10-31,990.0,1027.1,990.0,1015.95,212946
2022-10-28,1002.45,1003.05,987.6,989.75,56581
2022-10-27,996.0,1013.0,996.0,1011.6,90364
2022-10-25,987.9,997.0,985.65,991.35,29069
2022-10-21,977.3,991.85,976.0,977.9,58426
2022-10-20,973.65,982.65,967.0,980.65,30204
2022-10-19,970.05,980.7,965.5,976.55,32282
2022-10-18,980.05,984.7,973.0,978.3,32449
2022-10-17,976.0,984.9,973.2,979.9,43706
2022-10-14,979.75,979.75,963.95,975.85,104525
2022-10-13,953.05,973.35,951.5,968.5,111802
2022-10-12,944.55,960.0,941.4,955.55,109671
2022-10-11,945.55,953.2,940.05,944.55,141566
2022-10-10,946.0,954.0,935.05,946.05,117539
2022-10-07,953.0,961.8,946.5,955.3,204993
2022-10-06,951.0,961.85,947.6,953.6,246198
2022-10-04,952.6,955.8,922.45,942.25,298924
2022-10-03,951.0,967.5,942.75,944.55,142685
2022-09-30,930.05,950.95,930.0,949.0,287790
2022-09-29,921.25,955.4,921.25,930.8,223410
2022-09-28,897.95,925.75,892.85,918.15,137187
2022-09-27,898.0,909.95,894.5,896.9,130793
2022-09-26,915.0,926.35,891.6,897.4,95226
2022-09-23,907.0,926.7,904.5,920.8,179424
2022-09-22,896.0,911.0,895.5,906.95,86794
2022-09-21,916.0,927.8,903.0,905.2,298749
2022-09-20,875.0,929.95,875.0,915.75,700877
2022-09-19,868.7,877.0,856.85,874.55,943379
2022-09-16,874.5,890.55,865.8,868.7,129071
2022-09-15,889.45,889.45,871.5,873.7,173621
2022-09-14,880.05,897.75,880.05,884.15,126980
2022-09-13,886.0,893.0,884.0,889.4,125032
2022-09-12,889.2,895.0,885.65,887.15,79681
2022-09-09,894.7,901.2,887.15,889.2,31391
2022-09-08,893.0,900.9,887.0,894.1,207485
2022-09-07,882.0,896.15,880.0,893.3,27691
2022-09-06,884.6,890.35,882.55,887.55,51672
2022-09-05,869.3,887.05,864.85,885.0,179167
2022-09-02,877.95,877.95,865.95,869.3,35346
2022-09-01,893.25,900.95,870.55,871.65,111781
2022-08-30,884.75,895.55,882.05,893.25,196218
2022-08-29,878.95,881.4,864.8,877.75,2526168
2022-08-26,885.0,891.4,878.25,879.55,84390
2022-08-25,896.4,896.4,875.1,877.1,66888
2022-08-24,890.0,899.65,878.3,881.55,129999
2022-08-23,870.0,892.0,870.0,887.7,45011
2022-08-22,900.0,903.55,855.85,874.15,88700
2022-08-19,916.45,920.5,898.05,900.3,42242
2022-08-18,913.0,918.85,895.85,915.75,175860
2022-08-17,920.0,926.1,915.55,920.45,25732
2022-08-16,905.3,919.35,904.8,914.45,32516
2022-08-12,924.9,924.9,907.5,913.4,27792
2022-08-11,924.9,927.1,917.8,920.0,159733
2022-08-10,912.0,927.0,912.0,919.35,135345
2022-08-08,921.0,921.0,908.2,910.5,33475
2022-08-05,919.9,928.65,912.2,915.2,267675
2022-08-04,903.95,919.9,895.95,918.75,115109
2022-08-03,925.0,925.0,894.0,896.9,63798
2022-08-02,918.55,926.1,912.5,916.75,47155
2022-08-01,942.95,942.95,910.0,918.55,1532626
2022-07-29,894.0,951.25,879.0,943.55,487695
2022-07-28,896.0,896.25,879.0,894.75,95988
2022-07-27,879.0,898.05,867.6,895.5,87257
2022-07-26,869.0,877.1,862.0,866.1,36287
2022-07-25,874.9,877.75,856.6,868.05,132290
2022-07-22,869.5,876.25,866.5,874.6,114502
2022-07-21,875.9,877.7,864.0,869.4,119962
2022-07-20,882.05,884.25,862.05,867.25,101297
2022-07-19,880.0,890.5,873.65,874.9,183683
2022-07-18,890.0,895.45,878.8,882.75,1373658
2022-07-15,885.0,885.0,872.4,878.3,58800
2022-07-14,866.0,882.5,865.05,880.15,105416
2022-07-13,848.05,863.4,848.05,860.5,272073
2022-07-12,856.0,859.75,849.35,851.2,20057
2022-07-11,857.35,863.0,851.1,856.8,158484
2022-07-08,845.3,859.45,845.3,857.35,130895
2022-07-07,830.55,852.8,830.55,849.75,147222
2022-07-06,840.0,842.75,831.15,837.7,147880
2022-07-05,828.0,846.7,826.5,835.55,108878
2022-07-04,826.0,839.55,821.95,828.7,239851
2022-07-01,834.4,836.3,825.05,826.7,163273
2022-06-30,842.1,847.7,823.8,830.8,258444
2022-06-29,824.0,843.0,823.55,838.15,100323
2022-06-28,835.95,836.0,824.75,827.95,212005
2022-06-27,825.2,847.85,825.2,835.95,336287
2022-06-24,835.0,835.0,822.05,824.1,26627
2022-06-23,814.0,826.75,808.15,824.7,24969
2022-06-22,810.3,821.0,803.5,809.0,55225
2022-06-21,809.9,820.05,805.2,818.1,19539
2022-06-20,800.2,813.25,794.25,805.0,81889
2022-06-17,809.0,809.35,789.75,793.6,60047
2022-06-16,822.9,825.7,806.95,814.25,45880
2022-06-15,823.1,829.95,819.35,821.75,34147
2022-06-14,821.0,836.0,821.0,825.25,246876
2022-06-13,835.0,850.5,819.65,829.4,65621
2022-06-10,854.0,854.0,842.2,845.9,44002
2022-06-09,841.0,861.5,835.95,858.45,75418
2022-06-08,844.15,853.7,837.45,846.85,139213
2022-06-07,855.0,857.25,838.6,848.65,61535
2022-06-06,859.8,873.6,858.0,861.1,68006
2022-06-03,860.15,874.5,854.85,864.95,111041
2022-06-02,842.9,862.3,832.3,859.55,127546
2022-06-01,878.8,878.8,832.6,839.8,174919
2022-05-31,860.2,882.8,851.5,860.45,457777
2022-05-30,903.6,915.5,886.2,888.1,98292
2022-05-27,899.0,912.25,896.0,903.95,155622
2022-05-26,919.0,922.0,893.95,900.55,112567
2022-05-25,919.95,922.15,907.05,911.15,112629
2022-05-24,922.1,930.5,907.3,910.2,42866
2022-05-23,916.0,931.0,916.0,921.45,73631
2022-05-20,885.8,917.0,885.8,915.5,294992
2022-05-19,883.0,900.0,878.15,884.4,64586
2022-05-18,892.0,909.1,887.85,899.4,122609
2022-05-17,882.0,895.7,878.6,892.05,49785
2022-05-16,883.9,895.25,876.8,885.75,43575
2022-05-13,850.6,889.0,850.6,882.1,173499
2022-05-12,854.85,855.25,835.25,850.15,65897
2022-05-11,861.1,866.95,851.4,855.6,58298
2022-05-10,879.2,890.55,846.35,861.6,226113
2022-05-09,866.0,891.0,866.0,885.35,118212
2022-05-06,857.0,885.5,857.0,882.6,66586
2022-05-05,909.5,918.5,872.55,877.85,48518
2022-05-04,920.0,920.45,895.5,900.7,1053553
2022-05-02,928.0,928.0,902.8,923.2,53296
2022-04-29,920.35,966.9,920.35,928.7,182205
2022-04-28,913.7,927.1,909.2,920.35,45336
2022-04-27,908.2,921.5,903.45,905.85,35264
2022-04-26,901.55,924.45,901.55,918.25,77762
2022-04-25,923.3,923.3,897.0,899.8,80993
2022-04-22,947.85,947.85,918.85,923.5,41799
2022-04-21,942.0,945.6,921.0,941.35,97504
2022-04-20,921.0,930.8,916.75,923.05,111365
2022-04-19,926.0,937.25,914.4,919.85,34252
2022-04-18,936.0,940.0,919.85,927.6,58497
2022-04-13,923.0,942.5,921.75,936.45,54345
2022-04-12,923.9,928.0,911.3,921.15,24456
2022-04-11,920.0,933.0,919.0,924.2,42892
2022-04-08,942.75,942.75,919.5,924.8,36493
2022-04-07,936.0,947.9,927.0,930.35,71166
2022-04-06,930.0,938.95,925.1,927.85,34698
2022-04-05,929.0,940.6,924.0,928.65,66204
2022-04-04,907.0,928.35,903.0,926.0,57236
2022-04-01,919.8,919.8,904.05,908.25,40916
2022-03-31,919.0,926.75,910.65,914.8,35362
2022-03-30,920.0,921.95,908.3,920.35,78903
2022-03-29,905.95,921.75,903.2,919.5,170894
2022-03-28,906.8,910.7,899.5,904.85,35640
2022-03-25,915.0,915.0,896.5,902.1,34087
2022-03-24,889.85,914.2,885.55,907.65,82855
2022-03-23,914.0,925.8,895.6,900.55,67006
2022-03-22,914.45,921.95,902.45,913.9,85560
2022-03-21,915.0,930.9,911.75,914.45,95755
2022-03-17,894.0,915.0,892.1,910.75,78869
2022-03-16,900.0,900.0,880.5,888.8,75226
2022-03-15,889.85,908.0,881.35,891.95,110648
2022-03-14,905.45,911.5,890.15,892.3,121173
2022-03-11,877.65,907.0,868.15,902.15,148465
2022-03-10,872.0,881.7,866.45,868.95,51633
2022-03-09,863.8,885.8,860.2,867.85,257378
2022-03-08,824.0,861.0,824.0,855.55,265685
2022-03-07,825.0,828.65,809.5,822.7,123683
2022-03-04,817.7,839.9,809.9,830.2,111503
2022-03-03,834.95,834.95,817.5,819.95,105410
2022-03-02,835.0,844.6,816.0,819.75,316308
2022-02-28,815.0,846.75,815.0,843.35,259623
2022-02-25,815.55,835.25,815.55,830.75,157565
2022-02-24,825.0,836.7,815.0,818.2,183241
2022-02-23,848.1,852.85,838.55,840.25,345757
2022-02-22,835.1,848.45,825.0,846.05,81912
2022-02-21,852.3,863.55,839.7,842.95,250005
2022-02-18,860.0,867.5,856.45,863.55,256878
2022-02-17,870.0,871.6,861.25,862.0,167990
2022-02-16,876.0,881.05,867.5,869.15,35545
2022-02-15,864.0,879.55,859.45,876.3,174860
2022-02-14,871.3,886.0,862.0,864.4,97614
2022-02-11,897.0,897.0,875.0,879.65,67814
2022-02-10,894.8,896.0,880.25,892.2,161773
2022-02-09,890.5,894.5,885.5,886.15,202104
2022-02-08,886.05,895.65,882.5,893.8,214672
2022-02-07,898.0,899.7,880.0,887.4,72050
2022-02-04,885.0,902.5,881.55,894.05,77305
2022-02-03,889.5,891.2,880.65,883.4,107426
2022-02-02,890.0,898.4,882.05,889.1,225898
2022-02-01,846.5,895.4,841.1,892.05,397117
2022-01-31,835.9,849.5,820.35,834.15,196554
2022-01-28,812.2,842.5,812.2,827.25,477516
2022-01-27,806.4,817.05,791.3,812.2,82550
2022-01-25,791.0,811.35,785.0,807.0,325385
2022-01-24,805.0,824.85,791.65,799.9,219136
2022-01-21,819.5,819.6,801.3,809.05,261897
2022-01-20,840.0,842.45,816.15,819.65,51852
2022-01-19,842.05,846.15,834.05,838.05,52286
2022-01-18,853.65,867.2,843.65,845.9,169403
2022-01-17,864.0,864.0,850.9,853.2,71785
2022-01-14,867.0,868.4,856.0,860.25,84185
2022-01-13,830.35,871.0,830.35,865.75,305437
2022-01-12,843.0,845.0,827.45,836.2,142035
2022-01-11,832.0,841.45,827.85,832.4,68890
2022-01-10,829.0,834.95,818.0,826.45,88743
2022-01-07,829.0,835.9,825.5,828.8,69138
2022-01-06,835.1,844.9,822.2,829.5,88389
2022-01-05,838.0,844.2,830.6,835.1,70656
2022-01-04,855.0,855.0,832.3,837.95,44575
2022-01-03,846.0,860.0,841.35,848.25,89117
2021-12-31,833.4,850.9,833.4,845.4,125016
2021-12-30,837.5,841.75,828.45,834.35,219970
2021-12-29,829.0,843.5,816.8,838.3,251701
2021-12-28,800.0,820.0,794.2,815.0,379381
2021-12-27,786.0,796.65,784.3,794.4,384024
2021-12-24,797.8,797.8,777.7,785.3,183320
2021-12-23,800.0,803.75,790.5,792.7,124292
2021-12-22,784.1,800.85,778.25,797.1,180693
2021-12-21,764.0,783.65,764.0,778.25,234799
2021-12-20,765.0,774.85,753.35,763.5,134796
2021-12-17,763.45,772.15,753.3,769.15,83974
2021-12-16,786.1,786.15,760.0,764.45,186978
2021-12-15,755.9,778.75,745.45,775.55,359587
2021-12-14,759.4,768.55,753.8,755.95,142481
2021-12-13,764.0,773.05,759.2,762.9,255959
2021-12-10,759.9,774.9,756.85,761.4,66650
2021-12-09,758.0,766.7,756.4,759.4,86618
2021-12-08,750.0,763.2,747.7,757.55,177100
2021-12-07,740.0,750.0,735.0,743.15,101448
2021-12-06,750.2,752.5,733.95,737.05,58957
2021-12-03,777.95,777.95,749.15,751.8,203375
2021-12-02,748.5,771.0,746.25,766.15,520895
2021-12-01,753.95,763.0,740.1,745.35,77762
2021-11-30,752.0,761.2,746.5,753.95,181385
2021-11-29,771.0,775.5,749.3,750.8,112330
2021-11-26,780.7,798.85,762.05,766.35,260579
2021-11-25,778.4,786.8,775.2,782.2,285556
2021-11-24,789.0,796.75,775.8,778.35,52383
2021-11-23,769.9,791.45,761.4,783.9,53765
2021-11-22,790.1,794.2,765.0,770.7,63687
2021-11-18,790.0,794.05,780.4,790.45,61508
2021-11-17,802.9,804.9,787.7,791.0,44632
2021-11-16,813.6,817.0,795.7,797.25,134557
2021-11-15,811.8,819.8,807.0,810.5,63187
2021-11-12,806.6,808.75,796.5,806.1,69785
2021-11-11,811.0,811.0,792.1,794.05,59881
2021-11-10,805.35,814.9,797.15,810.25,253737
2021-11-09,801.0,812.0,797.3,801.15,94248
2021-11-08,797.0,801.6,783.4,799.85,78468
2021-11-03,820.0,821.35,781.55,788.0,273947
2021-11-02,816.75,835.9,783.0,814.6,488510
2021-11-01,794.0,813.6,787.5,811.75,43806
2021-10-29,797.35,816.15,779.0,794.4,130910
2021-10-28,827.0,829.15,802.9,807.65,64340
2021-10-27,814.0,838.4,814.0,825.35,180521
2021-10-26,819.5,823.9,807.0,813.55,45187
2021-10-25,812.0,821.0,795.9,813.0,56537
2021-10-22,823.1,826.75,800.4,812.55,71949
2021-10-21,824.8,828.9,810.0,817.75,122144
2021-10-20,825.0,834.8,807.75,814.75,829054
2021-10-19,840.0,841.8,825.05,827.35,54331
2021-10-18,842.0,850.0,832.35,835.2,75164
2021-10-14,843.0,849.9,838.65,841.05,54982
2021-10-13,830.0,846.8,828.45,842.5,86004
2021-10-12,832.5,842.05,823.85,829.1,92910
2021-10-11,829.8,835.85,818.3,832.6,833030
2021-10-08,823.0,833.5,818.65,821.35,61752
2021-10-07,803.0,825.6,803.0,823.0,120436
2021-10-06,822.0,823.55,797.6,800.75,64537
2021-10-05,829.4,834.1,815.2,820.35,88549
2021-10-04,830.0,838.9,826.8,831.7,105720
2021-10-01,817.7,830.75,805.5,826.35,182608
2021-09-30,815.9,833.25,806.4,818.2,300980
2021-09-29,785.2,819.55,771.5,811.55,709221
2021-09-28,766.0,790.0,755.0,779.65,94076
2021-09-27,770.0,774.15,760.1,762.95,62229
2021-09-24,769.85,776.5,762.0,769.7,62439
2021-09-23,775.0,777.05,766.15,769.75,832435
2021-09-22,766.0,773.85,764.65,769.75,97910
2021-09-21,753.0,766.0,751.1,764.55,188740
2021-09-20,766.6,774.35,752.0,756.55,88128
2021-09-17,782.0,787.55,766.6,770.25,49675
2021-09-16,780.0,784.55,778.5,780.85,30001
2021-09-15,781.2,785.75,777.1,780.25,61844
2021-09-14,785.5,787.75,777.65,781.4,51165
2021-09-13,776.0,782.85,771.5,780.1,64771
2021-09-09,771.0,781.75,771.0,776.4,42947
2021-09-08,769.8,778.7,763.95,777.2,49103
2021-09-07,783.0,783.25,766.95,769.65,85886
2021-09-06,789.0,792.8,779.95,783.8,78851
2021-09-03,792.0,797.2,784.3,789.15,69015
2021-09-02,788.5,797.6,787.0,790.1,219675
2021-09-01,794.0,803.5,787.35,788.3,110274
2021-08-31,789.5,800.8,784.3,794.15,304810
2021-08-30,768.15,794.55,768.15,786.55,133053
2021-08-27,765.0,777.0,758.45,771.85,71659
2021-08-26,763.0,770.9,759.65,760.3,52563
2021-08-25,771.65,775.8,760.0,768.75,148558
2021-08-24,758.0,777.15,754.25,771.65,91838
2021-08-23,762.1,769.95,751.0,758.9,116321
2021-08-20,779.0,784.4,743.5,761.15,197278
2021-08-18,789.8,791.3,779.2,782.95,72714
2021-08-17,788.8,792.9,778.4,783.95,142930
2021-08-16,779.85,783.1,771.55,780.6,77000
2021-08-13,774.0,788.2,767.95,777.85,150232
2021-08-12,783.0,783.0,773.5,778.95,60856
2021-08-11,795.0,795.05,773.45,779.35,151832
2021-08-10,788.0,798.65,782.6,793.45,151728
2021-08-09,786.3,792.5,782.0,788.55,95081
2021-08-06,787.0,796.4,781.65,785.15,125637
2021-08-05,788.0,794.45,783.85,785.85,191289
2021-08-04,791.0,797.65,779.55,785.65,240714
2021-08-03,774.45,804.4,769.35,794.85,659143
2021-08-02,781.0,799.6,764.0,774.45,741708
2021-07-30,704.0,780.1,696.15,774.0,2034169
2021-07-29,687.55,705.95,680.75,703.25,171793
2021-07-28,689.0,691.8,672.85,687.55,79113
2021-07-27,705.0,705.5,673.95,688.0,226978
2021-07-26,699.0,705.0,695.25,703.55,155786
2021-07-23,687.0,698.65,681.75,694.0,108037
2021-07-22,680.0,688.15,675.85,687.2,68548
2021-07-20,690.0,691.4,673.3,676.85,81244
2021-07-19,679.7,691.4,679.7,689.0,476551
2021-07-16,685.0,695.45,682.05,688.65,204044
2021-07-15,687.9,688.2,681.6,683.5,41947
2021-07-14,682.1,692.15,681.0,685.8,124256
2021-07-13,669.55,688.5,669.2,683.0,443734
2021-07-12,668.0,672.55,666.55,668.85,395240
2021-07-09,667.0,672.0,664.1,667.85,80857
2021-07-08,680.0,680.8,665.05,667.0,104864
2021-07-07,669.95,682.35,668.4,680.35,115557
2021-07-06,679.9,682.65,672.4,673.25,98340
2021-07-05,686.4,686.4,678.65,680.45,44079
2021-07-02,686.0,689.5,678.1,680.8,211718
2021-07-01,675.5,685.5,673.6,684.75,266525
2021-06-30,679.7,683.4,674.15,675.5,115036
2021-06-29,674.65,681.5,673.5,677.25,77712
2021-06-28,677.0,679.9,670.0,676.25,78102
2021-06-25,668.0,677.15,666.1,672.2,86040
2021-06-24,665.45,669.9,661.8,664.7,75374
2021-06-23,670.0,672.3,664.2,665.15,756982
2021-06-22,675.2,679.6,665.1,666.45,205114
2021-06-21,666.0,674.75,663.5,671.25,96632
2021-06-18,669.5,673.0,652.75,668.4,129454
2021-06-17,670.1,673.35,661.55,664.7,181541
2021-06-16,673.7,680.3,666.1,669.1,414664
2021-06-15,679.0,681.55,671.7,673.2,806439
2021-06-14,684.5,684.5,671.6,677.25,92081
2021-06-11,677.0,686.0,674.6,681.25,271019
2021-06-10,674.5,681.15,673.0,676.1,87184
2021-06-09,680.05,684.5,667.7,672.8,285206
2021-06-08,675.0,680.05,665.25,678.85,121816
2021-06-07,670.0,677.65,670.0,675.05,193905
2021-06-04,676.55,679.0,672.7,674.2,360972
2021-06-03,678.7,680.8,673.45,675.5,322787
2021-06-02,673.5,678.5,666.0,677.65,569993
2021-06-01,673.4,673.4,664.4,671.25,326660
2021-05-31,673.15,675.4,659.0,668.3,563930
2021-05-28,698.6,698.6,666.55,669.65,1451657
2021-05-27,710.0,710.0,694.2,699.75,303210
2021-05-26,701.0,706.2,696.4,703.6,225120
2021-05-25,696.4,698.6,691.05,696.05,96605
2021-05-24,694.0,698.5,689.15,690.6,162913
2021-05-21,692.5,694.3,688.1,690.35,246006
2021-05-20,703.0,703.0,685.3,686.8,196003
2021-05-19,690.85,706.65,690.85,703.4,427855
2021-05-18,686.95,695.85,684.8,690.85,122509
2021-05-17,689.0,699.6,679.95,686.95,245616
2021-05-14,703.0,711.2,687.1,691.1,282503
2021-05-12,713.05,713.95,699.8,702.65,268756
2021-05-11,699.0,721.9,697.05,707.85,564078
2021-05-10,684.5,703.4,683.85,698.15,577881
2021-05-07,681.5,691.0,678.0,679.5,219512
2021-05-06,693.0,696.8,673.45,679.25,533265
2021-05-05,645.0,687.6,640.0,683.3,928213
2021-05-04,664.7,664.7,642.25,645.0,229355
2021-05-03,653.1,663.45,650.05,658.8,304520
2021-04-30,649.2,666.5,640.45,654.7,609526
2021-04-29,647.0,651.6,641.2,644.6,215103
2021-04-28,641.2,647.1,638.55,643.1,457697
2021-04-27,634.55,642.5,631.95,639.5,242564
2021-04-26,644.9,644.9,630.0,634.55,404347
2021-04-23,641.0,645.9,630.2,637.65,419446
2021-04-22,652.0,657.7,637.0,640.25,729977
2021-04-20,648.0,659.5,639.15,645.05,383815
2021-04-19,647.7,651.0,635.05,640.3,356804
2021-04-16,635.0,650.0,626.9,646.05,298588
2021-04-15,630.0,641.45,626.35,632.95,411496
2021-04-13,620.55,635.3,616.15,627.4,233796
2021-04-12,640.0,646.0,615.05,619.15,857762
2021-04-09,615.0,642.2,610.05,636.95,886467
2021-04-08,621.95,626.0,612.7,614.3,498466
2021-04-07,621.0,628.2,616.25,620.8,142435
2021-04-06,609.9,621.7,604.25,620.05,222350
2021-04-05,610.85,612.0,592.6,608.6,231233
2021-04-01,601.0,612.65,597.5,610.85,131757
2021-03-31,598.0,606.0,596.0,597.6,167824
2021-03-30,594.0,598.7,587.5,597.55,119239
2021-03-26,581.95,590.1,574.5,587.1,177406
2021-03-25,585.9,587.8,572.0,577.35,109613
2021-03-24,588.0,597.0,583.05,584.9,285055
2021-03-23,593.95,594.55,582.95,587.9,153429
2021-03-22,581.5,593.3,579.15,590.95,246968
2021-03-19,572.95,582.65,562.4,578.6,183303
2021-03-18,587.0,591.25,572.0,574.5,224698
2021-03-17,603.0,603.0,582.0,585.2,127847
2021-03-16,606.05,610.0,600.0,602.05,98449
2021-03-15,614.0,614.45,596.55,605.35,141162
2021-03-12,625.05,628.25,611.5,613.25,209260
2021-03-10,619.0,627.6,614.95,626.0,218294
2021-03-09,615.0,620.85,607.5,611.65,179073
2021-03-08,613.2,621.7,612.2,614.85,114850
2021-03-05,619.0,619.0,607.0,610.95,252603
2021-03-04,625.0,636.45,615.65,618.65,1028441
2021-03-03,617.0,625.0,612.15,624.15,386780
2021-03-02,609.25,616.3,604.45,614.4,152916
2021-03-01,600.0,610.95,597.45,604.3,268361
2021-02-26,601.0,621.15,590.0,595.3,653210
2021-02-25,603.0,618.8,602.65,609.7,701375
2021-02-24,607.85,609.15,561.65,602.55,1038474
2021-02-23,590.0,608.2,590.0,604.05,298832
2021-02-22,607.0,610.75,590.25,595.75,249917
2021-02-19,616.5,622.2,601.3,607.45,213536
2021-02-18,623.0,627.25,614.0,615.65,165440
2021-02-17,632.45,632.45,620.0,621.2,132238
2021-02-16,629.0,634.45,623.0,631.0,245529
2021-02-15,632.7,637.0,623.4,627.35,331317
2021-02-12,653.7,653.7,622.65,627.25,498929
2021-02-11,624.0,648.7,623.4,643.5,414437
2021-02-10,623.0,631.35,614.3,627.05,392494
2021-02-09,635.0,639.0,621.05,623.7,219109
2021-02-08,644.0,644.55,632.4,634.65,382839
2021-02-05,632.0,644.1,623.1,634.8,376250
2021-02-04,630.55,641.0,626.0,631.5,901303
2021-02-03,614.45,648.3,610.85,629.45,831890
2021-02-02,597.0,616.75,591.65,609.4,501434
2021-02-01,596.0,598.9,579.65,590.1,703614
2021-01-29,566.1,599.9,554.05,586.45,944430
2021-01-28,557.0,574.3,550.7,564.4,626378
2021-01-27,585.0,590.0,564.0,569.8,263686
2021-01-25,575.05,594.0,567.1,586.55,251119
2021-01-22,583.0,586.95,570.65,575.05,188429
2021-01-21,597.35,598.55,580.9,582.85,149399
2021-01-20,603.7,603.7,593.0,594.45,168407
2021-01-19,590.1,602.75,585.0,596.25,202341
2021-01-18,604.0,607.0,578.6,581.4,246942
2021-01-15,610.8,616.5,598.05,604.0,496723
2021-01-14,600.35,611.65,596.5,607.05,546563
2021-01-13,612.4,614.4,597.15,602.1,326661
2021-01-12,623.75,623.75,607.4,609.75,249244
2021-01-11,621.8,627.95,614.25,620.8,375526
2021-01-08,606.8,622.5,604.2,620.7,453300
2021-01-07,606.0,608.0,598.0,601.8,271396
2021-01-06,605.4,610.6,596.25,605.3,272153
2021-01-05,610.0,610.0,600.0,603.15,335813
2021-01-04,599.0,609.6,595.05,604.25,455222
2021-01-01,593.45,599.8,585.8,596.1,591719
2020-12-31,586.8,594.8,582.15,592.35,3112952
2020-12-30,594.0,594.0,581.7,584.1,4963257
2020-12-29,587.1,595.85,583.3,590.5,359682
2020-12-28,598.0,599.5,584.8,587.55,335442
2020-12-24,576.0,595.0,572.15,589.85,226271
2020-12-23,569.0,576.5,566.25,574.5,105208
2020-12-22,549.55,570.4,540.35,568.1,216902
2020-12-21,574.75,585.7,539.45,552.1,593462
2020-12-18,577.35,577.35,568.0,575.25,228765
2020-12-17,578.0,586.4,570.0,571.35,310447
2020-12-16,572.9,578.5,571.25,576.4,201205
2020-12-15,576.05,580.0,569.4,571.45,155707
2020-12-14,568.5,578.6,568.5,576.05,203489
2020-12-11,565.65,572.7,562.05,568.0,168352
2020-12-10,570.0,574.85,560.05,565.05,283470
2020-12-09,572.7,583.75,567.45,569.55,312012
2020-12-08,582.3,582.9,566.15,568.55,228830
2020-12-07,570.0,591.5,567.25,582.3,573594
2020-12-04,550.0,571.4,545.3,568.85,421436
2020-12-03,549.0,551.0,540.75,548.05,705910
2020-12-02,540.8,546.9,535.8,545.0,527721
2020-12-01,517.0,542.45,514.75,539.75,555292
2020-11-27,514.0,520.75,509.8,511.55,224645
2020-11-26,505.3,512.95,502.5,511.6,270185
2020-11-25,521.35,526.0,504.5,506.35,246212
2020-11-24,513.55,522.65,508.35,519.9,221084
2020-11-23,504.8,516.4,501.15,512.8,210721
2020-11-20,509.0,512.5,496.05,503.0,234139
2020-11-19,511.4,516.3,505.2,507.4,180780
2020-11-18,516.3,518.05,508.9,512.9,135058
2020-11-17,515.55,523.15,514.45,518.0,514823
2020-11-13,510.55,515.95,504.6,508.4,616720
2020-11-12,502.35,517.55,502.35,509.05,398663
2020-11-11,494.0,508.15,491.3,506.1,435124
2020-11-10,510.5,514.0,489.05,491.3,287384
2020-11-09,512.2,517.9,504.5,509.95,229150
2020-11-06,515.0,515.55,506.6,508.85,165712
2020-11-05,508.0,513.9,502.5,512.4,290319
2020-11-04,497.0,518.15,496.0,504.3,1332584
2020-11-03,471.1,490.45,466.05,485.1,463378
2020-11-02,469.0,470.8,459.3,469.2,315096
2020-10-30,459.5,468.85,455.9,465.75,245758
2020-10-29,460.2,463.8,452.6,456.75,146886
2020-10-28,472.3,475.5,461.6,463.35,649830
2020-10-27,475.7,476.0,467.35,470.7,141207
2020-10-26,484.55,487.35,471.15,474.45,134765
2020-10-23,489.6,494.4,482.8,484.35,235886
2020-10-22,485.7,490.1,481.95,485.65,94998
2020-10-21,488.0,491.9,481.5,489.7,238681
2020-10-20,485.0,488.5,480.45,486.4,117764
2020-10-19,491.0,491.0,481.0,483.6,108416
2020-10-16,494.0,494.25,485.4,486.85,223039
2020-10-15,503.0,504.5,489.25,490.4,580250
2020-10-14,503.2,508.0,493.4,502.0,234630
2020-10-13,513.0,519.95,502.0,503.2,144390
2020-10-12,513.25,517.1,509.3,513.85,228524
2020-10-09,527.0,529.4,511.3,513.15,206592
2020-10-08,512.2,526.0,512.05,524.05,248086
2020-10-07,521.0,522.8,509.75,511.65,174111
2020-10-06,525.0,528.0,519.05,520.8,278706
2020-10-05,506.8,524.8,503.95,523.15,208306
2020-10-01,501.05,510.3,501.05,506.8,201929
2020-09-30,506.0,516.15,498.55,500.5,671165
2020-09-29,516.25,516.6,504.65,505.6,362137
2020-09-28,494.25,512.05,488.6,510.2,194785
2020-09-25,497.0,497.0,484.05,489.45,168328
2020-09-24,498.15,501.1,483.0,485.4,198728
2020-09-23,520.0,521.55,498.15,502.75,334535
2020-09-22,509.75,515.3,493.7,510.45,366862
2020-09-21,524.7,528.45,499.5,503.65,198335
2020-09-18,516.5,535.0,515.05,523.25,757766
2020-09-17,517.0,521.8,510.6,511.85,250527
2020-09-16,511.0,519.9,503.85,518.7,286636
2020-09-15,496.2,512.65,496.2,506.05,242055
2020-09-14,509.95,511.0,493.9,495.8,183252
2020-09-11,508.0,512.75,502.75,505.4,117338
2020-09-10,513.95,516.6,503.75,507.5,311738
2020-09-09,495.55,512.75,493.5,509.1,341992
2020-09-08,513.25,517.5,498.9,502.05,177066
2020-09-07,517.6,518.2,504.55,513.2,166237
2020-09-04,516.3,530.15,508.5,512.3,426978
2020-09-03,518.5,526.65,512.85,523.25,393498
2020-09-02,524.9,525.55,509.5,514.55,287228
2020-09-01,520.15,527.5,506.05,522.3,388849
2020-08-31,559.6,560.95,514.5,518.5,727490
2020-08-28,538.95,564.9,534.7,555.8,1205872
2020-08-27,527.1,536.9,524.55,532.9,150280
2020-08-26,526.35,530.0,522.45,524.95,92681
2020-08-25,533.5,534.35,524.15,525.1,151269
2020-08-24,535.05,538.15,527.9,533.35,166283
2020-08-21,525.0,538.5,525.0,532.7,369347
2020-08-20,525.6,529.8,521.35,522.25,136544
2020-08-19,527.1,532.75,524.35,525.45,164835
2020-08-18,529.5,533.75,524.45,526.15,110535
2020-08-17,535.0,538.0,527.15,528.35,182005
2020-08-14,524.45,536.0,522.95,531.45,287555
2020-08-13,533.0,536.35,519.0,520.8,376414
2020-08-12,544.9,544.9,529.75,532.0,213276
2020-08-11,546.5,549.95,535.5,541.05,275797
2020-08-10,527.9,550.7,527.05,543.75,492631
2020-08-07,532.2,535.25,522.7,525.8,173969
2020-08-06,532.65,541.0,526.35,532.2,392818
2020-08-05,536.35,537.7,527.45,529.0,270596
2020-08-04,520.15,532.15,517.2,528.5,445809
2020-08-03,531.75,540.0,516.6,519.8,852757
2020-07-31,515.0,540.75,507.75,531.75,1473666
2020-07-30,493.0,513.1,487.65,509.95,555230
2020-07-29,485.9,496.0,485.0,493.0,232770
2020-07-28,477.3,483.6,473.5,482.5,174851
2020-07-27,488.45,488.45,469.4,475.4,239830
2020-07-24,490.0,496.2,481.6,485.4,942558
2020-07-23,479.0,481.75,474.5,476.1,136663
2020-07-22,480.0,488.0,471.75,474.25,272644
2020-07-21,486.2,487.95,475.0,477.25,400310
2020-07-20,504.5,504.5,482.0,483.85,553675
2020-07-17,499.0,509.6,497.55,503.3,291524
2020-07-16,496.0,505.8,491.5,499.25,588717
2020-07-15,497.0,499.35,492.5,494.8,137382
2020-07-14,501.0,503.8,490.45,491.95,258076
2020-07-13,493.5,501.45,492.65,499.65,222608
2020-07-10,481.0,498.2,481.0,493.45,873566
2020-07-09,484.8,487.1,480.45,482.05,144024
2020-07-08,480.0,488.0,480.0,484.0,383622
2020-07-07,480.2,486.0,476.55,479.45,376129
2020-07-06,478.0,481.0,471.6,480.15,317202
2020-07-03,475.0,479.0,472.25,476.9,240333
2020-07-02,468.2,474.7,468.0,473.15,286837
2020-07-01,474.9,476.0,466.15,468.2,201510
2020-06-30,482.1,484.2,469.95,472.95,259935
2020-06-29,476.9,487.25,475.45,481.8,217079
2020-06-26,488.2,492.0,472.5,479.95,361548
2020-06-25,482.0,492.35,476.95,487.65,338324
2020-06-24,501.0,503.65,481.1,484.4,374472
2020-06-23,494.75,502.9,489.8,500.4,364693
2020-06-22,491.95,500.8,486.1,493.1,305041
2020-06-19,485.0,491.95,485.0,487.75,465135
2020-06-18,483.2,488.25,483.1,484.15,156966
2020-06-17,484.0,489.9,479.7,485.85,238967
2020-06-16,487.0,493.1,476.35,482.8,394749
2020-06-15,481.9,489.05,473.05,485.45,425852
2020-06-12,457.0,482.0,457.0,479.8,366811
2020-06-11,492.0,493.75,469.25,473.6,799466
2020-06-10,504.8,507.5,493.5,499.15,395378
2020-06-09,500.0,512.55,491.05,500.55,876027
2020-06-08,498.7,499.35,485.15,488.95,290664
2020-06-05,500.0,510.55,492.1,494.15,747773
2020-06-04,474.0,497.8,472.4,495.0,594133
2020-06-03,475.0,481.65,473.2,476.05,216880
2020-06-02,471.0,480.95,469.25,473.2,508566
2020-06-01,484.7,484.7,458.6,465.15,649107
2020-05-29,459.5,481.45,458.75,475.45,423029
2020-05-28,455.9,461.8,444.75,459.25,332089
2020-05-27,467.4,467.4,443.1,450.55,401190
2020-05-26,470.0,475.65,456.75,459.05,249463
2020-05-22,467.7,471.95,458.2,469.2,282440
2020-05-21,455.65,468.65,453.5,466.25,246575
2020-05-20,440.0,458.6,438.0,455.65,205617
2020-05-19,447.0,456.0,439.0,441.7,352669
2020-05-18,447.9,454.7,434.25,440.65,259155
2020-05-15,455.95,458.8,445.5,448.5,163495
2020-05-14,452.15,462.75,449.5,455.95,262113
2020-05-13,470.0,470.0,450.2,452.4,279239
2020-05-12,463.0,468.65,455.5,463.85,183750
2020-05-11,473.2,475.2,461.35,463.25,256716
2020-05-08,458.0,471.0,454.6,469.0,331588
2020-05-07,462.85,465.7,450.2,452.3,254787
2020-05-06,461.4,463.0,447.95,454.55,173875
2020-05-05,468.0,472.5,454.0,456.35,284280
2020-05-04,465.95,474.75,458.0,465.05,538755
